{
    "camera_angle_x": 1.0678012225549283,
    "camera_angle_y": 0.6437221579183839,
    "fl_x": 1082.601243558659,
    "fl_y": 1079.6022434588044,
    "k1": 0.10865958488392649,
    "k2": -0.18052465720040425,
    "p1": 0.0002520227824809169,
    "p2": -0.0010000521489527622,
    "cx": 640.456158570497,
    "cy": 336.3328844396859,
    "w": 1280.0,
    "h": 720.0,
    "aabb_scale": 4,
    "frames": [
        {
            "file_path": "0.jpg",
            "transform_matrix": [
                [
                    -0.5038710255240864,
                    0.43188945044921684,
                    -0.7480544714310448,
                    -0.5499999999999998
                ],
                [
                    -0.8637789008984337,
                    -0.2519355127620431,
                    0.43636510833477604,
                    0.24999999999999997
                ],
                [
                    0.0,
                    0.8660254037844389,
                    0.5000000000000001,
                    -0.15
                ],
                [
                    0.0,
                    0.0,
                    0.0,
                    1.0
                ]
            ]
        },
        {
            "file_path": "1.jpg",
            "transform_matrix": [
                [
                    -0.4228854653311241,
                    0.4530915699976329,
                    -0.7847776197170506,
                    -0.5499999999999998
                ],
                [
                    -0.9061831399952659,
                    -0.21144273266556202,
                    0.36622955586795697,
                    0.17999999999999997
                ],
                [
                    0.0,
                    0.866025403784439,
                    0.5000000000000002,
                    -0.15
                ],
                [
                    0.0,
                    0.0,
                    0.0,
                    1.0
                ]
            ]
        },
        {
            "file_path": "2.jpg",
            "transform_matrix": [
                [
                    -0.33035042472810616,
                    0.4719291781830089,
                    -0.8174053141871972,
                    -0.5499999999999998
                ],
                [
                    -0.9438583563660179,
                    -0.16517521236405305,
                    0.28609185996551895,
                    0.10999999999999999
                ],
                [
                    -1.3877787807814463e-17,
                    0.866025403784439,
                    0.5000000000000001,
                    -0.15
                ],
                [
                    0.0,
                    0.0,
                    0.0,
                    1.0
                ]
            ]
        },
        {
            "file_path": "3.jpg",
            "transform_matrix": [
                [
                    -0.22722961560641858,
                    0.4869206048708968,
                    -0.843371226888563,
                    -0.5499999999999998
                ],
                [
                    -0.9738412097417937,
                    -0.11361480780320929,
                    0.19678661960733143,
                    0.04000000000000001
                ],
                [
                    -6.938893903907231e-18,
                    0.866025403784439,
                    0.5000000000000001,
                    -0.15
                ],
                [
                    0.0,
                    0.0,
                    0.0,
                    1.0
                ]
            ]
        },
        {
            "file_path": "4.jpg",
            "transform_matrix": [
                [
                    -0.11588069956017841,
                    0.4966315695436216,
                    -0.860191111092229,
                    -0.5499999999999998
                ],
                [
                    -0.9932631390872434,
                    -0.0579403497800892,
                    0.10035562962742674,
                    -0.03
                ],
                [
                    0.0,
                    0.866025403784439,
                    0.5000000000000001,
                    -0.15
                ],
                [
                    0.0,
                    0.0,
                    0.0,
                    1.0
                ]
            ]
        },
        {
            "file_path": "5.jpg",
            "transform_matrix": [
                [
                    0.0,
                    0.5000000000000001,
                    -0.866025403784439,
                    -0.5499999999999998
                ],
                [
                    -1.0000000000000004,
                    0.0,
                    0.0,
                    -0.1
                ],
                [
                    0.0,
                    0.866025403784439,
                    0.5000000000000001,
                    -0.15
                ],
                [
                    0.0,
                    0.0,
                    0.0,
                    1.0
                ]
            ]
        },
        {
            "file_path": "6.jpg",
            "transform_matrix": [
                [
                    0.11588069956017831,
                    0.4966315695436216,
                    -0.860191111092229,
                    -0.5499999999999998
                ],
                [
                    -0.9932631390872434,
                    0.05794034978008915,
                    -0.10035562962742664,
                    -0.16999999999999996
                ],
                [
                    3.469446951953616e-18,
                    0.866025403784439,
                    0.5000000000000001,
                    -0.15
                ],
                [
                    0.0,
                    0.0,
                    0.0,
                    1.0
                ]
            ]
        },
        {
            "file_path": "7.jpg",
            "transform_matrix": [
                [
                    0.22722961560641852,
                    0.48692060487089694,
                    -0.8433712268885633,
                    -0.5499999999999998
                ],
                [
                    -0.973841209741794,
                    0.11361480780320926,
                    -0.19678661960733138,
                    -0.23999999999999996
                ],
                [
                    -6.938893903907231e-18,
                    0.8660254037844393,
                    0.5000000000000003,
                    -0.15
                ],
                [
                    0.0,
                    0.0,
                    0.0,
                    1.0
                ]
            ]
        },
        {
            "file_path": "8.jpg",
            "transform_matrix": [
                [
                    0.33035042472810616,
                    0.4719291781830089,
                    -0.8174053141871972,
                    -0.5499999999999998
                ],
                [
                    -0.9438583563660179,
                    0.16517521236405305,
                    -0.28609185996551895,
                    -0.30999999999999994
                ],
                [
                    1.3877787807814463e-17,
                    0.866025403784439,
                    0.5000000000000001,
                    -0.15
                ],
                [
                    0.0,
                    0.0,
                    0.0,
                    1.0
                ]
            ]
        },
        {
            "file_path": "9.jpg",
            "transform_matrix": [
                [
                    0.422885465331124,
                    0.45309156999763295,
                    -0.7847776197170507,
                    -0.5499999999999998
                ],
                [
                    -0.9061831399952659,
                    0.21144273266556196,
                    -0.36622955586795686,
                    -0.3799999999999999
                ],
                [
                    0.0,
                    0.866025403784439,
                    0.5000000000000001,
                    -0.15
                ],
                [
                    0.0,
                    0.0,
                    0.0,
                    1.0
                ]
            ]
        },
        {
            "file_path": "10.jpg",
            "transform_matrix": [
                [
                    0.5038710255240864,
                    0.43188945044921684,
                    -0.7480544714310448,
                    -0.5499999999999998
                ],
                [
                    -0.8637789008984337,
                    0.2519355127620431,
                    -0.43636510833477604,
                    -0.44999999999999996
                ],
                [
                    0.0,
                    0.8660254037844389,
                    0.5000000000000001,
                    -0.15
                ],
                [
                    0.0,
                    0.0,
                    0.0,
                    1.0
                ]
            ]
        },
        {
            "file_path": "11.jpg",
            "transform_matrix": [
                [
                    0.2544932992796439,
                    0.4835372686313233,
                    -0.8375111166225327,
                    -0.6363961030678928
                ],
                [
                    -0.9670745372626467,
                    0.127246649639822,
                    -0.22039766226908775,
                    -0.24142135623730943
                ],
                [
                    0.0,
                    0.8660254037844389,
                    0.5000000000000001,
                    -0.15
                ],
                [
                    0.0,
                    0.0,
                    0.0,
                    1.0
                ]
            ]
        },
        {
            "file_path": "12.jpg",
            "transform_matrix": [
                [
                    0.34174306308670466,
                    0.46989671174421865,
                    -0.813884979050534,
                    -0.5868986283848345
                ],
                [
                    -0.9397934234884375,
                    0.17087153154335227,
                    -0.2959581742001942,
                    -0.29091883092036774
                ],
                [
                    0.0,
                    0.866025403784439,
                    0.5000000000000002,
                    -0.15
                ],
                [
                    0.0,
                    0.0,
                    0.0,
                    1.0
                ]
            ]
        },
        {
            "file_path": "13.jpg",
            "transform_matrix": [
                [
                    0.43381561877290026,
                    0.45050083487955006,
                    -0.7802903348635781,
                    -0.5374011537017762
                ],
                [
                    -0.9010016697591001,
                    0.21690780938645013,
                    -0.375695346415797,
                    -0.34041630560342606
                ],
                [
                    -1.3877787807814463e-17,
                    0.866025403784439,
                    0.5000000000000001,
                    -0.15
                ],
                [
                    0.0,
                    0.0,
                    0.0,
                    1.0
                ]
            ]
        },
        {
            "file_path": "14.jpg",
            "transform_matrix": [
                [
                    0.5279341211256222,
                    0.4246426626445221,
                    -0.7355026667616429,
                    -0.48790367901871745
                ],
                [
                    -0.8492853252890443,
                    0.263967060562811,
                    -0.4572043604193997,
                    -0.3899137802864844
                ],
                [
                    -6.938893903907231e-18,
                    0.866025403784439,
                    0.5000000000000001,
                    -0.15
                ],
                [
                    0.0,
                    0.0,
                    0.0,
                    1.0
                ]
            ]
        },
        {
            "file_path": "15.jpg",
            "transform_matrix": [
                [
                    0.6204030726835836,
                    0.39214156480943485,
                    -0.6792091140095049,
                    -0.4384062043356596
                ],
                [
                    -0.7842831296188698,
                    0.31020153634179176,
                    -0.537284821529907,
                    -0.4394112549695427
                ],
                [
                    0.0,
                    0.866025403784439,
                    0.5000000000000001,
                    -0.15
                ],
                [
                    0.0,
                    0.0,
                    0.0,
                    1.0
                ]
            ]
        },
        {
            "file_path": "16.jpg",
            "transform_matrix": [
                [
                    0.7071067811865479,
                    0.3535533905932738,
                    -0.6123724356957948,
                    -0.3889087296526008
                ],
                [
                    -0.7071067811865478,
                    0.35355339059327384,
                    -0.6123724356957948,
                    -0.488908729652601
                ],
                [
                    0.0,
                    0.866025403784439,
                    0.5000000000000001,
                    -0.15
                ],
                [
                    0.0,
                    0.0,
                    0.0,
                    1.0
                ]
            ]
        },
        {
            "file_path": "17.jpg",
            "transform_matrix": [
                [
                    0.7842831296188698,
                    0.31020153634179176,
                    -0.5372848215299069,
                    -0.33941125496954294
                ],
                [
                    -0.6204030726835836,
                    0.39214156480943485,
                    -0.679209114009505,
                    -0.5384062043356593
                ],
                [
                    3.469446951953616e-18,
                    0.866025403784439,
                    0.5000000000000001,
                    -0.15
                ],
                [
                    0.0,
                    0.0,
                    0.0,
                    1.0
                ]
            ]
        },
        {
            "file_path": "18.jpg",
            "transform_matrix": [
                [
                    0.8492853252890445,
                    0.26396706056281116,
                    -0.4572043604193997,
                    -0.2899137802864842
                ],
                [
                    -0.5279341211256223,
                    0.4246426626445222,
                    -0.7355026667616431,
                    -0.5879036790187177
                ],
                [
                    -6.938893903907231e-18,
                    0.8660254037844393,
                    0.5000000000000003,
                    -0.15
                ],
                [
                    0.0,
                    0.0,
                    0.0,
                    1.0
                ]
            ]
        },
        {
            "file_path": "19.jpg",
            "transform_matrix": [
                [
                    0.9010016697591002,
                    0.21690780938645007,
                    -0.3756953464157969,
                    -0.2404163056034263
                ],
                [
                    -0.43381561877290015,
                    0.45050083487955006,
                    -0.7802903348635781,
                    -0.637401153701776
                ],
                [
                    1.3877787807814463e-17,
                    0.866025403784439,
                    0.5000000000000001,
                    -0.15
                ],
                [
                    0.0,
                    0.0,
                    0.0,
                    1.0
                ]
            ]
        },
        {
            "file_path": "20.jpg",
            "transform_matrix": [
                [
                    0.9397934234884374,
                    0.1708715315433523,
                    -0.29595817420019427,
                    -0.19091883092036754
                ],
                [
                    -0.34174306308670455,
                    0.4698967117442187,
                    -0.813884979050534,
                    -0.6868986283848342
                ],
                [
                    0.0,
                    0.866025403784439,
                    0.5000000000000001,
                    -0.15
                ],
                [
                    0.0,
                    0.0,
                    0.0,
                    1.0
                ]
            ]
        },
        {
            "file_path": "21.jpg",
            "transform_matrix": [
                [
                    0.9670745372626467,
                    0.1272466496398219,
                    -0.22039766226908758,
                    -0.14142135623730967
                ],
                [
                    -0.25449329927964376,
                    0.4835372686313233,
                    -0.8375111166225329,
                    -0.7363961030678926
                ],
                [
                    0.0,
                    0.8660254037844389,
                    0.5000000000000001,
                    -0.15
                ],
                [
                    0.0,
                    0.0,
                    0.0,
                    1.0
                ]
            ]
        },
        {
            "file_path": "22.jpg",
            "transform_matrix": [
                [
                    0.8637789008984339,
                    0.2519355127620432,
                    -0.43636510833477615,
                    -0.3500000000000001
                ],
                [
                    -0.5038710255240865,
                    0.43188945044921695,
                    -0.7480544714310449,
                    -0.6499999999999998
                ],
                [
                    0.0,
                    0.8660254037844392,
                    0.5000000000000002,
                    -0.15000000000000002
                ],
                [
                    0.0,
                    0.0,
                    0.0,
                    1.0
                ]
            ]
        },
        {
            "file_path": "23.jpg",
            "transform_matrix": [
                [
                    0.9061831399952661,
                    0.21144273266556207,
                    -0.366229555867957,
                    -0.2799999999999998
                ],
                [
                    -0.4228854653311242,
                    0.453091569997633,
                    -0.7847776197170508,
                    -0.6499999999999998
                ],
                [
                    0.0,
                    0.8660254037844393,
                    0.5000000000000003,
                    -0.15000000000000002
                ],
                [
                    0.0,
                    0.0,
                    0.0,
                    1.0
                ]
            ]
        },
        {
            "file_path": "24.jpg",
            "transform_matrix": [
                [
                    0.9438583563660181,
                    0.16517521236405308,
                    -0.286091859965519,
                    -0.20999999999999996
                ],
                [
                    -0.3303504247281062,
                    0.471929178183009,
                    -0.8174053141871974,
                    -0.6499999999999998
                ],
                [
                    -1.3877787807814466e-17,
                    0.8660254037844393,
                    0.5000000000000002,
                    -0.15000000000000002
                ],
                [
                    0.0,
                    0.0,
                    0.0,
                    1.0
                ]
            ]
        },
        {
            "file_path": "25.jpg",
            "transform_matrix": [
                [
                    0.9738412097417939,
                    0.11361480780320932,
                    -0.1967866196073315,
                    -0.14000000000000012
                ],
                [
                    -0.22722961560641863,
                    0.4869206048708969,
                    -0.8433712268885633,
                    -0.6499999999999998
                ],
                [
                    -6.938893903907233e-18,
                    0.8660254037844393,
                    0.5000000000000002,
                    -0.15000000000000002
                ],
                [
                    0.0,
                    0.0,
                    0.0,
                    1.0
                ]
            ]
        },
        {
            "file_path": "26.jpg",
            "transform_matrix": [
                [
                    0.9932631390872436,
                    0.05794034978008921,
                    -0.10035562962742677,
                    -0.06999999999999984
                ],
                [
                    -0.11588069956017844,
                    0.4966315695436217,
                    -0.8601911110922292,
                    -0.6499999999999998
                ],
                [
                    0.0,
                    0.8660254037844393,
                    0.5000000000000002,
                    -0.15000000000000002
                ],
                [
                    0.0,
                    0.0,
                    0.0,
                    1.0
                ]
            ]
        },
        {
            "file_path": "27.jpg",
            "transform_matrix": [
                [
                    1.0000000000000007,
                    0.0,
                    0.0,
                    0.0
                ],
                [
                    0.0,
                    0.5000000000000002,
                    -0.8660254037844393,
                    -0.6499999999999998
                ],
                [
                    0.0,
                    0.8660254037844393,
                    0.5000000000000002,
                    -0.15000000000000002
                ],
                [
                    0.0,
                    0.0,
                    0.0,
                    1.0
                ]
            ]
        },
        {
            "file_path": "28.jpg",
            "transform_matrix": [
                [
                    0.9932631390872436,
                    -0.05794034978008916,
                    0.10035562962742667,
                    0.06999999999999984
                ],
                [
                    0.11588069956017834,
                    0.4966315695436217,
                    -0.8601911110922292,
                    -0.6499999999999998
                ],
                [
                    3.4694469519536165e-18,
                    0.8660254037844393,
                    0.5000000000000002,
                    -0.15000000000000002
                ],
                [
                    0.0,
                    0.0,
                    0.0,
                    1.0
                ]
            ]
        },
        {
            "file_path": "29.jpg",
            "transform_matrix": [
                [
                    0.9738412097417942,
                    -0.11361480780320929,
                    0.19678661960733143,
                    0.14000000000000012
                ],
                [
                    0.22722961560641858,
                    0.48692060487089706,
                    -0.8433712268885635,
                    -0.6499999999999998
                ],
                [
                    -6.938893903907233e-18,
                    0.8660254037844395,
                    0.5000000000000004,
                    -0.15000000000000002
                ],
                [
                    0.0,
                    0.0,
                    0.0,
                    1.0
                ]
            ]
        },
        {
            "file_path": "30.jpg",
            "transform_matrix": [
                [
                    0.9438583563660181,
                    -0.16517521236405308,
                    0.286091859965519,
                    0.20999999999999996
                ],
                [
                    0.3303504247281062,
                    0.471929178183009,
                    -0.8174053141871974,
                    -0.6499999999999998
                ],
                [
                    1.3877787807814466e-17,
                    0.8660254037844393,
                    0.5000000000000002,
                    -0.15000000000000002
                ],
                [
                    0.0,
                    0.0,
                    0.0,
                    1.0
                ]
            ]
        },
        {
            "file_path": "31.jpg",
            "transform_matrix": [
                [
                    0.9061831399952661,
                    -0.21144273266556202,
                    0.3662295558679569,
                    0.2799999999999998
                ],
                [
                    0.4228854653311241,
                    0.45309156999763306,
                    -0.784777619717051,
                    -0.6499999999999998
                ],
                [
                    0.0,
                    0.8660254037844393,
                    0.5000000000000002,
                    -0.15000000000000002
                ],
                [
                    0.0,
                    0.0,
                    0.0,
                    1.0
                ]
            ]
        },
        {
            "file_path": "32.jpg",
            "transform_matrix": [
                [
                    0.8637789008984339,
                    -0.2519355127620432,
                    0.43636510833477615,
                    0.3500000000000001
                ],
                [
                    0.5038710255240865,
                    0.43188945044921695,
                    -0.7480544714310449,
                    -0.6499999999999998
                ],
                [
                    0.0,
                    0.8660254037844392,
                    0.5000000000000002,
                    -0.15000000000000002
                ],
                [
                    0.0,
                    0.0,
                    0.0,
                    1.0
                ]
            ]
        },
        {
            "file_path": "33.jpg",
            "transform_matrix": [
                [
                    0.9670745372626468,
                    -0.12724664963982188,
                    0.22039766226908752,
                    0.14142135623730967
                ],
                [
                    0.2544932992796437,
                    0.48353726863132335,
                    -0.8375111166225329,
                    -0.7363961030678925
                ],
                [
                    0.0,
                    0.8660254037844389,
                    0.5000000000000001,
                    -0.15
                ],
                [
                    0.0,
                    0.0,
                    0.0,
                    1.0
                ]
            ]
        },
        {
            "file_path": "34.jpg",
            "transform_matrix": [
                [
                    0.9397934234884376,
                    -0.1708715315433522,
                    0.29595817420019416,
                    0.190918830920368
                ],
                [
                    0.34174306308670443,
                    0.46989671174421876,
                    -0.8138849790505341,
                    -0.6868986283848342
                ],
                [
                    0.0,
                    0.866025403784439,
                    0.5000000000000002,
                    -0.15
                ],
                [
                    0.0,
                    0.0,
                    0.0,
                    1.0
                ]
            ]
        },
        {
            "file_path": "35.jpg",
            "transform_matrix": [
                [
                    0.9010016697591003,
                    -0.21690780938645005,
                    0.3756953464157968,
                    0.2404163056034263
                ],
                [
                    0.4338156187729001,
                    0.4505008348795501,
                    -0.7802903348635782,
                    -0.6374011537017759
                ],
                [
                    -1.3877787807814463e-17,
                    0.866025403784439,
                    0.5000000000000001,
                    -0.15
                ],
                [
                    0.0,
                    0.0,
                    0.0,
                    1.0
                ]
            ]
        },
        {
            "file_path": "36.jpg",
            "transform_matrix": [
                [
                    0.8492853252890445,
                    -0.26396706056281094,
                    0.45720436041939955,
                    0.28991378028648507
                ],
                [
                    0.527934121125622,
                    0.4246426626445222,
                    -0.735502666761643,
                    -0.5879036790187175
                ],
                [
                    -6.938893903907231e-18,
                    0.866025403784439,
                    0.5000000000000001,
                    -0.15
                ],
                [
                    0.0,
                    0.0,
                    0.0,
                    1.0
                ]
            ]
        },
        {
            "file_path": "37.jpg",
            "transform_matrix": [
                [
                    0.78428312961887,
                    -0.3102015363417917,
                    0.5372848215299069,
                    0.33941125496954294
                ],
                [
                    0.6204030726835835,
                    0.39214156480943496,
                    -0.6792091140095051,
                    -0.5384062043356592
                ],
                [
                    0.0,
                    0.866025403784439,
                    0.5000000000000001,
                    -0.15
                ],
                [
                    0.0,
                    0.0,
                    0.0,
                    1.0
                ]
            ]
        },
        {
            "file_path": "38.jpg",
            "transform_matrix": [
                [
                    0.707106781186548,
                    -0.3535533905932738,
                    0.6123724356957948,
                    0.3889087296526017
                ],
                [
                    0.7071067811865478,
                    0.3535533905932739,
                    -0.6123724356957949,
                    -0.4889087296526009
                ],
                [
                    0.0,
                    0.866025403784439,
                    0.5000000000000001,
                    -0.15
                ],
                [
                    0.0,
                    0.0,
                    0.0,
                    1.0
                ]
            ]
        },
        {
            "file_path": "39.jpg",
            "transform_matrix": [
                [
                    0.6204030726835839,
                    -0.3921415648094348,
                    0.6792091140095049,
                    0.4384062043356596
                ],
                [
                    0.7842831296188697,
                    0.3102015363417919,
                    -0.5372848215299071,
                    -0.4394112549695426
                ],
                [
                    3.469446951953616e-18,
                    0.866025403784439,
                    0.5000000000000001,
                    -0.15
                ],
                [
                    0.0,
                    0.0,
                    0.0,
                    1.0
                ]
            ]
        },
        {
            "file_path": "40.jpg",
            "transform_matrix": [
                [
                    0.5279341211256225,
                    -0.4246426626445223,
                    0.735502666761643,
                    0.48790367901871834
                ],
                [
                    0.8492853252890445,
                    0.2639670605628112,
                    -0.45720436041939994,
                    -0.38991378028648427
                ],
                [
                    -6.938893903907231e-18,
                    0.8660254037844393,
                    0.5000000000000003,
                    -0.15
                ],
                [
                    0.0,
                    0.0,
                    0.0,
                    1.0
                ]
            ]
        },
        {
            "file_path": "41.jpg",
            "transform_matrix": [
                [
                    0.43381561877290037,
                    -0.45050083487955006,
                    0.7802903348635781,
                    0.5374011537017767
                ],
                [
                    0.9010016697591002,
                    0.21690780938645018,
                    -0.3756953464157971,
                    -0.34041630560342595
                ],
                [
                    1.3877787807814463e-17,
                    0.866025403784439,
                    0.5000000000000001,
                    -0.15
                ],
                [
                    0.0,
                    0.0,
                    0.0,
                    1.0
                ]
            ]
        },
        {
            "file_path": "42.jpg",
            "transform_matrix": [
                [
                    0.3417430630867048,
                    -0.4698967117442187,
                    0.813884979050534,
                    0.586898628384835
                ],
                [
                    0.9397934234884375,
                    0.17087153154335244,
                    -0.2959581742001945,
                    -0.29091883092036763
                ],
                [
                    0.0,
                    0.866025403784439,
                    0.5000000000000001,
                    -0.15
                ],
                [
                    0.0,
                    0.0,
                    0.0,
                    1.0
                ]
            ]
        },
        {
            "file_path": "43.jpg",
            "transform_matrix": [
                [
                    0.25449329927964404,
                    -0.4835372686313233,
                    0.8375111166225329,
                    0.6363961030678928
                ],
                [
                    0.9670745372626467,
                    0.12724664963982205,
                    -0.22039766226908775,
                    -0.24142135623730931
                ],
                [
                    0.0,
                    0.8660254037844389,
                    0.5000000000000001,
                    -0.15
                ],
                [
                    0.0,
                    0.0,
                    0.0,
                    1.0
                ]
            ]
        },
        {
            "file_path": "44.jpg",
            "transform_matrix": [
                [
                    0.5038710255240865,
                    -0.4318894504492168,
                    0.7480544714310448,
                    0.5499999999999998
                ],
                [
                    0.8637789008984336,
                    0.2519355127620432,
                    -0.43636510833477615,
                    -0.44999999999999984
                ],
                [
                    0.0,
                    0.8660254037844389,
                    0.5000000000000001,
                    -0.15
                ],
                [
                    0.0,
                    0.0,
                    0.0,
                    1.0
                ]
            ]
        },
        {
            "file_path": "45.jpg",
            "transform_matrix": [
                [
                    0.4228854653311242,
                    -0.4530915699976329,
                    0.7847776197170506,
                    0.5499999999999998
                ],
                [
                    0.9061831399952659,
                    0.21144273266556207,
                    -0.3662295558679571,
                    -0.3799999999999999
                ],
                [
                    0.0,
                    0.866025403784439,
                    0.5000000000000002,
                    -0.15
                ],
                [
                    0.0,
                    0.0,
                    0.0,
                    1.0
                ]
            ]
        },
        {
            "file_path": "46.jpg",
            "transform_matrix": [
                [
                    0.3303504247281063,
                    -0.4719291781830089,
                    0.8174053141871972,
                    0.5499999999999998
                ],
                [
                    0.9438583563660179,
                    0.1651752123640531,
                    -0.28609185996551906,
                    -0.3099999999999999
                ],
                [
                    -1.3877787807814463e-17,
                    0.866025403784439,
                    0.5000000000000001,
                    -0.15
                ],
                [
                    0.0,
                    0.0,
                    0.0,
                    1.0
                ]
