{
  "camera_angle_x": 1.0797407258672125,
  "camera_angle_y": 0.6574857182817864,
  "fl_x": 1067.9955751059406,
  "fl_y": 1055.3444974599158,
  "k1": 0.0904256782969025,
  "k2": -0.14588976676865323,
  "p1": 0.0012607962020483494,
  "p2": -0.0008629484779383854,
  "cx": 640.9485430475809,
  "cy": 344.77330950402256,
  "w": 1280.0,
  "h": 720.0,
  "aabb_scale": 16,
  "frames": [
    {
      "file_path": "./data/myimages/23.jpg",
      "sharpness": 1063.6530343784182,
      "transform_matrix": [
        [
          -0.9209394750989464,
          0.03844458742304985,
          -0.3878047149047427,
          -2.555915675688085
        ],
        [
          -0.3742829144395843,
          -0.3644366469277657,
          0.8527005513863926,
          3.8459455284781776
        ],
        [
          -0.10854852906920542,
          0.9304342771383256,
          0.3500132465536031,
          0.6407181958193486
        ],
        [
          0.0,
          0.0,
          0.0,
          1.0
        ]
      ]
    },
    {
      "file_path": "./data/myimages/11.jpg",
      "sharpness": 1156.8448626916204,
      "transform_matrix": [
        [
          -0.4486031529894206,
          -0.48235083637469167,
          0.75239144185496,
          1.9558793599224473
        ],
        [
          0.8928885598198005,
          -0.2053396714321615,
          0.4007313802025675,
          2.00792070591265
        ],
        [
          -0.038797304943425204,
          0.8515710715992925,
          0.5228015676567538,
          1.2861761883686318
        ],
        [
          0.0,
          0.0,
          0.0,
          1.0
        ]
      ]
    },
    {
      "file_path": "./data/myimages/20.jpg",
      "sharpness": 1181.5349481084738,
      "transform_matrix": [
        [
          0.3821961631394325,
          -0.4926667038172555,
          0.7817964004978127,
          1.8933373609353654
        ],
        [
          0.9232431028122227,
          0.16755574832548403,
          -0.34575604739866345,
          -1.3724582823982434
        ],
        [
          0.03934801127320134,
          0.8539347692610529,
          0.5188903004064696,
          1.2791997279493061
        ],
        [
          0.0,
          0.0,
          0.0,
          1.0
        ]
      ]
    },
    {
      "file_path": "./data/myimages/24.jpg",
      "sharpness": 994.8576606158789,
      "transform_matrix": [
        [
          -0.9566926916069308,
          0.002979638287044728,
          -0.2910845505717617,
          -2.196657761779632
        ],
        [
          -0.27057978157284135,
          -0.37788322341270353,
          0.8854325786118434,
          3.833591878890885
        ],
        [
          -0.10735769944386678,
          0.9258484709815656,
          0.3623243479966771,
          0.6841194933307346
        ],
        [
          0.0,
          0.0,
          0.0,
          1.0
        ]
      ]
    },
    {
      "file_path": "./data/myimages/16.jpg",
      "sharpness": 1180.7788166948937,
      "transform_matrix": [
        [
          0.0,
          -0.4999999999999999,
          0.8660254037844387,
          1.9999999999999996
        ],
        [
          0.9999999999999999,
          -2.7755575615628914e-17,
          -6.938893903907228e-18,
          0.0
        ],
        [
          -2.7755575615628914e-17,
          0.8660254037844387,
          0.49999999999999994,
          1.2666666666666668
        ],
        [
          0.0,
          0.0,
          0.0,
          1.0
        ]
      ]
    },
    {
      "file_path": "./data/myimages/21.jpg",
      "sharpness": 1240.11080388696,
      "transform_matrix": [
        [
          0.47144472010416116,
          -0.4813899530577954,
          0.7389205566100612,
          1.8660676662903755
        ],
        [
          0.8801363834673382,
          0.2039315221762492,
          -0.4286862264639635,
          -1.6958593267032849
        ],
        [
          0.0556760485571996,
          0.8524527244122644,
          0.519831251714597,
          1.263596350619525
        ],
        [
          0.0,
          0.0,
          0.0,
          1.0
        ]
      ]
    },
    {
      "file_path": "./data/myimages/12.jpg",
      "sharpness": 1120.1324150017058,
      "transform_matrix": [
        [
          -0.382172946582211,
          -0.48803202376571436,
          0.7847092344810349,
          2.012401489963418
        ],
        [
          0.9235817826135804,
          -0.1735408805587461,
          0.34187754181755825,
          1.4054251835428053
        ],
        [
          -0.03066805707885227,
          0.8553995011420312,
          0.5170601161576593,
          1.3069602208142752
        ],
        [
          0.0,
          0.0,
          0.0,
          1.0
        ]
      ]
    },
    {
      "file_path": "./data/myimages/13.jpg",
      "sharpness": 1126.012038166639,
      "transform_matrix": [
        [
          -0.2800070796358381,
          -0.49863526672143654,
          0.8203407256350567,
          1.9792203731838076
        ],
        [
          0.959944797770313,
          -0.1364404414962565,
          0.24472431664634273,
          1.0379797444517573
        ],
        [
          -0.0101005241211638,
          0.8560063531925148,
          0.5168666198416466,
          1.2889527892152859
        ],
        [
          0.0,
          0.0,
          0.0,
          1.0
        ]
      ]
    },
    {
      "file_path": "./data/myimages/15.jpg",
      "sharpness": 1196.339320182725,
      "transform_matrix": [
        [
          -0.08600671105696164,
          -0.4975483352384525,
          0.8631619197778646,
          2.0036055845283873
        ],
        [
          0.9962774282628064,
          -0.04803127827170614,
          0.07158409209897851,
          0.3215825206213343
        ],
        [
          0.005842224508987942,
          0.8661054499361092,
          0.4998271881398172,
          1.2822134414142334
        ],
        [
          0.0,
          0.0,
          0.0,
          1.0
        ]
      ]
    },
    {
      "file_path": "./data/myimages/31.jpg",
      "sharpness": 965.9565971683027,
      "transform_matrix": [
        [
          -0.9071948293722937,
          -0.30483317236556734,
          0.28995564934265233,
          0.16500016296964493
        ],
        [
          0.39266173902721346,
          -0.3660605354034976,
          0.8436921494978067,
          3.749812886866033
        ],
        [
          -0.15104403418970055,
          0.8792476451180573,
          0.4517845485295523,
          1.0217508790367924
        ],
        [
          0.0,
          0.0,
          0.0,
          1.0
        ]
      ]
    },
    {
      "file_path": "./data/myimages/32.jpg",
      "sharpness": 988.7176236571842,
      "transform_matrix": [
        [
          -0.863286750353417,
          -0.33965252223418074,
          0.373325797131937,
          0.5154291889073099
        ],
        [
          0.48503584546411793,
          -0.35378080154602176,
          0.7997370649609549,
          3.702133570970023
        ],
        [
          -0.1395572114910048,
          0.8714788055927776,
          0.47015792678996815,
          1.0628925603102584
        ],
        [
          0.0,
          0.0,
          0.0,
          1.0
        ]
      ]
    },
    {
      "file_path": "./data/myimages/29.jpg",
      "sharpness": 944.2258590276637,
      "transform_matrix": [
        [
          -0.9686295468184006,
          -0.2252214404405417,
          0.10503382215394716,
          -0.5080756032719079
        ],
        [
          0.18513026267558147,
          -0.37201754563255124,
          0.9095766771323915,
          3.8095259596085618
        ],
        [
          -0.16578174468876114,
          0.9004877836525159,
          0.40204249106348205,
          0.9270880506384189
        ],
        [
          0.0,
          0.0,
          0.0,
          1.0
        ]
      ]
    },
    {
      "file_path": "./data/myimages/30.jpg",
      "sharpness": 978.8036380809915,
      "transform_matrix": [
        [
          -0.9434750819942929,
          -0.2664931456301031,
          0.19706895490673995,
          -0.17376562771747595
        ],
        [
          0.2891002026124376,
          -0.3708881104149714,
          0.8825321990739257,
          3.7781531554961902
        ],
        [
          -0.16209824954424878,
          0.8896198136760359,
          0.4269669127809621,
          0.9765719501146339
        ],
        [
          0.0,
          0.0,
          0.0,
          1.0
        ]
      ]
    },
    {
      "file_path": "./data/myimages/28.jpg",
      "sharpness": 942.6119501236701,
      "transform_matrix": [
        [
          -0.9822310549305416,
          -0.18528793554743067,
          0.02984184428961903,
          -0.8631087653647165
        ],
        [
          0.09728162551744338,
          -0.3666833189514904,
          0.9252457127376505,
          3.848639510656177
        ],
        [
          -0.1604943614795191,
          0.9117081356131966,
          0.37819285475798015,
          0.8709168117335555
        ],
        [
          0.0,
          0.0,
          0.0,
          1.0
        ]
      ]
    },
    {
      "file_path": "./data/myimages/27.jpg",
      "sharpness": 923.7896212208487,
      "transform_matrix": [
        [
          -0.9895402404710466,
          -0.13887083442304202,
          -0.03905129748357627,
          -1.185622095849193
        ],
        [
          0.015609592963948933,
          -0.37219372931978056,
          0.9280237973578767,
          3.8519179075848795
        ],
        [
          -0.14341008714871675,
          0.9177073167419348,
          0.3704683896128191,
          0.8189769086547869
        ],
        [
          0.0,
          0.0,
          0.0,
          1.0
        ]
      ]
    },
    {
      "file_path": "./data/myimages/17.jpg",
      "sharpness": 1178.0129269470212,
      "transform_matrix": [
        [
          0.09081667397721735,
          -0.49541934393602094,
          0.8638935150709942,
          1.9707015535016317
        ],
        [
          0.9958663408079468,
          0.0465735090444378,
          -0.07798166131263265,
          -0.31298481187883176
        ],
        [
          -0.001600928951044689,
          0.867404508813097,
          0.4976011003979024,
          1.2712598914301785
        ],
        [
          0.0,
          0.0,
          0.0,
          1.0
        ]
      ]
    },
    {
      "file_path": "./data/myimages/22.jpg",
      "sharpness": 1056.602387670899,
      "transform_matrix": [
        [
          -0.8874972579153318,
          0.07153034177385109,
          -0.4552274457877984,
          -3.159342746971991
        ],
        [
          -0.4485291448407698,
          -0.36066459324279754,
          0.8177668722866044,
          3.7580735682935567
        ],
        [
          -0.1056892777020198,
          0.9299486337356078,
          0.3521722805561248,
          0.5295467462303238
        ],
        [
          0.0,
          0.0,
          0.0,
          1.0
        ]
      ]
    },
    {
      "file_path": "./data/myimages/25.jpg",
      "sharpness": 961.34511586469,
      "transform_matrix": [
        [
          -0.9794609093705838,
          -0.03980749044481302,
          -0.19766560327845267,
          -1.8312040394397449
        ],
        [
          -0.1679032941128066,
          -0.3817862878116859,
          0.9088716709552787,
          3.8376125454998817
        ],
        [
          -0.11164591726085121,
          0.9233929792582672,
          0.3672609358692052,
          0.7309182509430161
        ],
        [
          0.0,
          0.0,
          0.0,
          1.0
        ]
      ]
    },
    {
      "file_path": "./data/myimages/14.jpg",
      "sharpness": 1115.0722363268424,
      "transform_matrix": [
        [
          -0.1757768620112999,
          -0.498221302287681,
          0.8490453631745642,
          1.9984302012913457
        ],
        [
          0.9844262720150017,
          -0.09134541507082002,
          0.1502029630606046,
          0.6706862426844094
        ],
        [
          0.0027220852496128156,
          0.8622247671531519,
          0.5065185496697895,
          1.2836997006440007
        ],
        [
          0.0,
          0.0,
          0.0,
          1.0
        ]
      ]
    },
    {
      "file_path": "./data/myimages/19.jpg",
      "sharpness": 1227.400116083441,
      "transform_matrix": [
        [
          0.28418332234377003,
          -0.49214236908026254,
          0.8228218080834535,
          1.9200327141273008
        ],
        [
          0.9585719709967846,
          0.1284027763525067,
          -0.25426856558432,
          -1.0001063675844426
        ],
        [
          0.019483729648002435,
          0.8609928080890308,
          0.5082438083223138,
          1.2811517838948683
        ],
        [
          0.0,
          0.0,
          0.0,
          1.0
        ]
      ]
    },
    {
      "file_path": "./data/myimages/18.jpg",
      "sharpness": 1193.9323837108082,
      "transform_matrix": [
        [
          0.19207395315847423,
          -0.49925587538845106,
          0.8448971342170524,
          1.9489920673793848
        ],
        [
          0.9813754810870784,
          0.0949720516595513,
          -0.16698046150577267,
          -0.6281915199676573
        ],
        [
          0.0031243622039633656,
          0.8612339289029937,
          0.5081991322967124,
          1.2712544576029605
        ],
        [
          0.0,
          0.0,
          0.0,
          1.0
        ]
      ]
    },
    {
      "file_path": "./data/myimages/26.jpg",
      "sharpness": 921.4527484147708,
      "transform_matrix": [
        [
          -0.9892786988869645,
          -0.08849388371217251,
          -0.11617438820174904,
          -1.4823835283286448
        ],
        [
          -0.0753639065374316,
          -0.37203862686457645,
          0.9251527126437762,
          3.8401497069045374
        ],
        [
          -0.12509171643211012,
          0.9239892275704609,
          0.36138064393906266,
          0.7786372405702349
        ],
        [
          0.0,
          0.0,
          0.0,
          1.0
        ]
      ]
    }
  ]
}