{
  "camera_angle_x": 1.0829003005691142,
  "camera_angle_y": 0.6508889923028476,
  "fl_x": 1064.179056178378,
  "fl_y": 1066.847503527589,
  "k1": 0.11722820840300494,
  "k2": -0.2102129101265941,
  "p1": 0.0010132229287454035,
  "p2": -0.00044681942290470116,
  "cx": 640.0,
  "cy": 360.0,
  "w": 1280.0,
  "h": 720.0,
  "aabb_scale": 2,
  "frames": [
    {
      "file_path": "./95.jpg",
      "sharpness": 2109.418045824173,
      "transform_matrix": [
        [
          0.9187480841565132,
          -0.32256563810742955,
          0.22771334398438825,
          0.9596459884657094
        ],
        [
          0.3948409507633642,
          0.7529063585339635,
          -0.5265288585438079,
          -2.0801889912968856
        ],
        [
          -0.0016067073707175528,
          0.5736579332805402,
          0.8190933976862644,
          3.2159468391400132
        ],
        [
          0.0,
          0.0,
          0.0,
          1.0
        ]
      ]
    },
    {
      "file_path": "./94.jpg",
      "sharpness": 1852.5026431179465,
      "transform_matrix": [
        [
          0.9266641306651532,
          0.30802342050580156,
          -0.21544178196434238,
          -0.8596275982256177
        ],
        [
          -0.3758878621188293,
          0.7572458635984317,
          -0.534122661169546,
          -2.0496694453355233
        ],
        [
          -0.0013798908243315422,
          0.575934262314883,
          0.8174948449076788,
          3.191387397107554
        ],
        [
          0.0,
          0.0,
          0.0,
          1.0
        ]
      ]
    },
    {
      "file_path": "./93.jpg",
      "sharpness": 1672.8533998100834,
      "transform_matrix": [
        [
          0.3923370705506152,
          0.7522816532108342,
          -0.5292862527702796,
          -2.0604220760595746
        ],
        [
          -0.919806311579864,
          0.324178590995594,
          -0.22105336531704878,
          -0.9252451962006484
        ],
        [
          0.005288880547879071,
          0.5735682657144048,
          0.8191406914354975,
          3.203723202607624
        ],
        [
          0.0,
          0.0,
          0.0,
          1.0
        ]
      ]
    },
    {
      "file_path": "./92.jpg",
      "sharpness": 1683.7963967644846,
      "transform_matrix": [
        [
          -0.37551938327016776,
          0.7583502149583126,
          -0.5328134235532569,
          -2.1838884944982335
        ],
        [
          -0.9268079583943621,
          -0.309426805354208,
          0.2127958185331629,
          0.8770435966208817
        ],
        [
          -0.0034930007730686885,
          0.5737246758265487,
          0.8190407775873101,
          3.163762818630746
        ],
        [
          0.0,
          0.0,
          0.0,
          1.0
        ]
      ]
    },
    {
      "file_path": "./90.jpg",
      "sharpness": 1792.7659198199196,
      "transform_matrix": [
        [
          -0.9240860665355143,
          -0.31257520860960797,
          0.21991289333517972,
          0.8303093747971165
        ],
        [
          0.3821839287029392,
          -0.756712292347379,
          0.5303979178424412,
          2.262734598716831
        ],
        [
          0.0006215498167057021,
          0.5741804991449176,
          0.8187285069759225,
          3.1433675240972807
        ],
        [
          0.0,
          0.0,
          0.0,
          1.0
        ]
      ]
    },
    {
      "file_path": "./88.jpg",
      "sharpness": 1705.9776581848878,
      "transform_matrix": [
        [
          0.3717781053630642,
          -0.7573281602833808,
          0.5368753096128642,
          2.201824227234624
        ],
        [
          0.928319563444336,
          0.3045162226745555,
          -0.2132900800660296,
          -0.6883281615799713
        ],
        [
          -0.0019566573874406634,
          0.5776884349035418,
          0.8162550114566337,
          3.155466609252007
        ],
        [
          0.0,
          0.0,
          0.0,
          1.0
        ]
      ]
    },
    {
      "file_path": "./89.jpg",
      "sharpness": 1914.1291643229167,
      "transform_matrix": [
        [
          -0.391662329674021,
          -0.7532955654899904,
          0.528343080379504,
          2.268580137037303
        ],
        [
          0.9200924003268147,
          -0.31719723624619056,
          0.22981707547233107,
          0.7915189055827003
        ],
        [
          -0.005531218941007915,
          0.5761351442008044,
          0.8173357335215743,
          3.151754715244563
        ],
        [
          0.0,
          0.0,
          0.0,
          1.0
        ]
      ]
    },
    {
      "file_path": "./9.jpg",
      "sharpness": 1826.9726314450477,
      "transform_matrix": [
        [
          -0.020108672126469447,
          -0.4100218523978583,
          0.9118540025239831,
          3.7538702364789565
        ],
        [
          0.999491092841593,
          -0.030833331921897845,
          0.0081768559329233,
          0.10255805804825885
        ],
        [
          0.024762807507725405,
          0.9115543792096571,
          0.41043320670425393,
          1.5814211882513414
        ],
        [
          0.0,
          0.0,
          0.0,
          1.0
        ]
      ]
    },
    {
      "file_path": "./86.jpg",
      "sharpness": 1710.2912348158086,
      "transform_matrix": [
        [
          0.6933950767219877,
          -0.30799118062669567,
          0.6514174547027057,
          2.766435860041345
        ],
        [
          0.7202034466822861,
          0.26789405212286754,
          -0.639952945320343,
          -2.6400559096985674
        ],
        [
          0.022589001610871184,
          0.9128933177247519,
          0.4075727266601926,
          1.629061864310668
        ],
        [
          0.0,
          0.0,
          0.0,
          1.0
        ]
      ]
    },
    {
      "file_path": "./87.jpg",
      "sharpness": 1648.5601809946277,
      "transform_matrix": [
        [
          0.6160427380372269,
          -0.33632548464669854,
          0.7123036665258918,
          3.0829569051415944
        ],
        [
          0.7875064677099097,
          0.24226724363401375,
          -0.5666922850869546,
          -2.5063467602916063
        ],
        [
          0.018025211507785494,
          0.910050411292163,
          0.41410547051997465,
          1.6323030443671278
        ],
        [
          0.0,
          0.0,
          0.0,
          1.0
        ]
      ]
    },
    {
      "file_path": "./85.jpg",
      "sharpness": 1684.9637793961083,
      "transform_matrix": [
        [
          0.7662945709748796,
          -0.27258966056565503,
          0.5817967922776779,
          2.4498877490358324
        ],
        [
          0.6419042622258416,
          0.28618222186255715,
          -0.7113779965856015,
          -2.763127701450197
        ],
        [
          0.027414387936610385,
          0.9185829374068968,
          0.3942763478785952,
          1.6340012460918274
        ],
        [
          0.0,
          0.0,
          0.0,
          1.0
        ]
      ]
    },
    {
      "file_path": "./82.jpg",
      "sharpness": 1732.4311193576202,
      "transform_matrix": [
        [
          0.9184763294054786,
          -0.14912712985454943,
          0.36628176520358185,
          1.509439785228339
        ],
        [
          0.39547348881633054,
          0.3430673201447963,
          -0.8520008999362285,
          -3.1617578121541214
        ],
        [
          0.001397145234684538,
          0.9273973867984563,
          0.37407503926631147,
          1.6220614214729887
        ],
        [
          0.0,
          0.0,
          0.0,
          1.0
        ]
      ]
    },
    {
      "file_path": "./84.jpg",
      "sharpness": 1685.706213850373,
      "transform_matrix": [
        [
          0.8284499628354481,
          -0.2347905556368038,
          0.5084722746809061,
          2.101170901140202
        ],
        [
          0.5594248947734262,
          0.30357943731141107,
          -0.7712867899487608,
          -2.901066711779977
        ],
        [
          0.02672912693131374,
          0.9234245612270934,
          0.382848055439158,
          1.6348377092618227
        ],
        [
          0.0,
          0.0,
          0.0,
          1.0
        ]
      ]
    },
    {
      "file_path": "./81.jpg",
      "sharpness": 1779.5791672513562,
      "transform_matrix": [
        [
          0.9483356354658583,
          -0.10462935576429261,
          0.2995199834324659,
          1.1739473129646887
        ],
        [
          0.3168151724742294,
          0.36276438378720094,
          -0.8763732928071531,
          -3.294703004096368
        ],
        [
          -0.01696080918638687,
          0.9259884987502135,
          0.3771705598155478,
          1.6206983694856627
        ],
        [
          0.0,
          0.0,
          0.0,
          1.0
        ]
      ]
    },
    {
      "file_path": "./83.jpg",
      "sharpness": 1684.5304267657227,
      "transform_matrix": [
        [
          0.8815902760538414,
          -0.1912740533810784,
          0.4315238368015759,
          1.8064863091574617
        ],
        [
          0.4716413425960284,
          0.3205709431502076,
          -0.8214552418495105,
          -3.03649866192908
        ],
        [
          0.018789070424412524,
          0.9277114351792698,
          0.372824977607068,
          1.6243506884686296
        ],
        [
          0.0,
          0.0,
          0.0,
          1.0
        ]
      ]
    },
    {
      "file_path": "./91.jpg",
      "sharpness": 117.97029927524518,
      "transform_matrix": [
        [
          -0.9205184600415897,
          0.32011474067998136,
          -0.2239917801606069,
          -0.9142053147608
        ],
        [
          -0.3906973515781226,
          -0.7559140938679758,
          0.5253089206948934,
          2.0963944042518126
        ],
        [
          -0.0011594146088531598,
          0.5710695540081911,
          0.8209008589958688,
          3.090756169949885
        ],
        [
          0.0,
          0.0,
          0.0,
          1.0
        ]
      ]
    },
    {
      "file_path": "./80.jpg",
      "sharpness": 1815.371293599065,
      "transform_matrix": [
        [
          0.9747128260336168,
          -0.06239155033550481,
          0.2145744655586055,
          0.8643852262751127
        ],
        [
          0.22189582657309165,
          0.3836969621961485,
          -0.8964033039602919,
          -3.419030409708837
        ],
        [
          -0.0264035787397478,
          0.9213489760656137,
          0.3878387749955953,
          1.6233722180013594
        ],
        [
          0.0,
          0.0,
          0.0,
          1.0
        ]
      ]
    },
    {
      "file_path": "./79.jpg",
      "sharpness": 1650.3190068332242,
      "transform_matrix": [
        [
          0.9921622290232933,
          -0.022788148269691277,
          0.12286094438607305,
          0.5474464717524257
        ],
        [
          0.12168832527466372,
          0.39960598502964084,
          -0.9085741622016191,
          -3.564074895373493
        ],
        [
          -0.028391245980807722,
          0.9164037085669345,
          0.39924701643710664,
          1.6323228831797554
        ],
        [
          0.0,
          0.0,
          0.0,
          1.0
        ]
      ]
    },
    {
      "file_path": "./8.jpg",
      "sharpness": 1693.2054366271218,
      "transform_matrix": [
        [
          0.08691532436890789,
          -0.3992993083059199,
          0.9126915080320022,
          3.644373092403427
        ],
        [
          0.9957979342343399,
          0.008292820292930854,
          -0.09120144355352147,
          -0.21344955621789954
        ],
        [
          0.02884788666842908,
          0.9167831213408593,
          0.39834219951792904,
          1.5840651398698449
        ],
        [
          0.0,
          0.0,
          0.0,
          1.0
        ]
      ]
    },
    {
      "file_path": "./75.jpg",
      "sharpness": 1722.3897097432455,
      "transform_matrix": [
        [
          0.9995484740617075,
          -0.030046242491994724,
          0.00026715256543777266,
          -0.11378479184244256
        ],
        [
          0.01264674245238706,
          0.4126208305989246,
          -0.9108150800580941,
          -3.6958984785605695
        ],
        [
          0.02725633804734351,
          0.9104072020341507,
          0.4128145086816877,
          1.6102977999767258
        ],
        [
          0.0,
          0.0,
          0.0,
          1.0
        ]
      ]
    },
    {
      "file_path": "./77.jpg",
      "sharpness": 1636.1462516818387,
      "transform_matrix": [
        [
          0.997845293222722,
          0.05765991953077393,
          -0.031306621191588,
          -0.40755050264922343
        ],
        [
          -0.05227130500287171,
          0.410246176404352,
          -0.9104755820003861,
          -3.640876941500381
        ],
        [
          -0.039654527152888475,
          0.9101502120382186,
          0.4123761754279354,
          1.6318664563143743
        ],
        [
          0.0,
          0.0,
          0.0,
          1.0
        ]
      ]
    },
    {
      "file_path": "./76.jpg",
      "sharpness": 1652.2698990844435,
      "transform_matrix": [
        [
          0.9935017801386206,
          -0.06719174738269706,
          0.09186665337607905,
          0.19009178907674118
        ],
        [
          0.11156818826914962,
          0.4152875245182003,
          -0.902822690978644,
          -3.7979859839881605
        ],
        [
          0.02251115911728041,
          0.907205346716342,
          0.4200853564003192,
          1.61233295039631
        ],
        [
          0.0,
          0.0,
          0.0,
          1.0
        ]
      ]
    },
    {
      "file_path": "./78.jpg",
      "sharpness": 1740.209530604679,
      "transform_matrix": [
        [
          0.9995748590325739,
          0.01697870844737931,
          0.023702841748135445,
          0.22834533464720275
        ],
        [
          0.014757982059265005,
          0.40649061641569356,
          -0.9135357577739159,
          -3.7075234157257344
        ],
        [
          -0.025145640040502237,
          0.9134971824113509,
          0.4060672291271254,
          1.6392627288451087
        ],
        [
          0.0,
          0.0,
          0.0,
          1.0
        ]
      ]
    },
    {
      "file_path": "./74.jpg",
      "sharpness": 1569.421250952232,
      "transform_matrix": [
        [
          0.9948248308016032,
          0.009875669891563355,
          -0.10112382124021721,
          -0.46392018193484147
        ],
        [
          -0.0966755466643247,
          0.39824073546097655,
          -0.9121722180030972,
          -3.570351073400167
        ],
        [
          0.03126331323407455,
          0.9172277731360381,
          0.39713450805871536,
          1.6073216422171661
        ],
        [
          0.0,
          0.0,
          0.0,
          1.0
        ]
      ]
    },
    {
      "file_path": "./72.jpg",
      "sharpness": 1547.3956150893212,
      "transform_matrix": [
        [
          0.9548486810111513,
          0.09287962710653574,
          -0.2822009413472679,
          -1.1199471778663783
        ],
        [
          -0.29638148337896936,
          0.3634791739099711,
          -0.8831992450426133,
          -3.3138404099928582
        ],
        [
          0.02054294849718924,
          0.9269607678064291,
          0.3745954114404795,
          1.6023713878939865
        ],
        [
          0.0,
          0.0,
          0.0,
          1.0
        ]
      ]
    },
    {
      "file_path": "./7.jpg",
      "sharpness": 1545.8739189493529,
      "transform_matrix": [
        [
          0.19540547290390778,
          -0.38407188221163596,
          0.9023887690519428,
          3.5252559563236594
        ],
        [
          0.980256137494802,
          0.04811470246856155,
          -0.19178863446557376,
          -0.5366003466231299
        ],
        [
          0.030242454692086626,
          0.9220486780848866,
          0.38589069596663683,
          1.5844199434310968
        ],
        [
          0.0,
          0.0,
          0.0,
          1.0
        ]
      ]
    },
    {
      "file_path": "./73.jpg",
      "sharpness": 1554.8038055818333,
      "transform_matrix": [
        [
          0.9783380286549435,
          0.050670250149692675,
          -0.2007167842877,
          -0.7899601553073694
        ],
        [
          -0.2045601599199464,
          0.3854645460282756,
          -0.8997623156860798,
          -3.441869733462698
        ],
        [
          0.0317780225246333,
          0.9213303476788359,
          0.387479738551481,
          1.6079620169486295
        ],
        [
          0.0,
          0.0,
          0.0,
          1.0
        ]
      ]
    },
    {
      "file_path": "./70.jpg",
      "sharpness": 1486.2914471384263,
      "transform_matrix": [
        [
          0.8934887564714898,
          0.18303991511341422,
          -0.41009051633971433,
          -1.72435810541523
        ],
        [
          -0.4487693068702526,
          0.3296504892190851,
          -0.8306242617265921,
          -3.033745357428483
        ],
        [
          -0.0168508550220835,
          0.9261894754769799,
          0.3766817015176156,
          1.600076134981252
        ],
        [
          0.0,
          0.0,
          0.0,
          1.0
        ]
      ]
    },
    {
      "file_path": "./71.jpg",
      "sharpness": 1507.4789141476056,
      "transform_matrix": [
        [
          0.9279589003192021,
          0.13561619336685304,
          -0.34713185891319476,
          -1.4268387470691757
        ],
        [
          -0.3726700692978446,
          0.345286828156618,
          -0.8613327032866667,
          -3.1765297617730512
        ],
        [
          0.0030493960741287407,
          0.9286470020675313,
          0.3709520815308558,
          1.600482914744498
        ],
        [
          0.0,
          0.0,
          0.0,
          1.0
        ]
      ]
    },
    {
      "file_path": "./68.jpg",
      "sharpness": 1466.659805073887,
      "transform_matrix": [
        [
          0.7868163639499937,
          0.2692265516818712,
          -0.5553711131734069,
          -2.341168902713854
        ],
        [
          -0.6164707873575398,
          0.29947982173115745,
          -0.7282002504192682,
          -2.7744669491412686
        ],
        [
          -0.029728400386448195,
          0.9153299406760067,
          0.4016059287037801,
          1.6082459305237977
        ],
        [
          0.0,
          0.0,
          0.0,
          1.0
        ]
      ]
    },
    {
      "file_path": "./69.jpg",
      "sharpness": 1472.6862594603913,
      "transform_matrix": [
        [
          0.8452133834423456,
          0.23140769923881133,
          -0.4817310590364823,
          -2.0257478322593316
        ],
        [
          -0.5336859031149878,
          0.31795123776153855,
          -0.783636629581773,
          -2.8905839571374115
        ],
        [
          -0.028172563001948314,
          0.9194332423785914,
          0.3922356683941383,
          1.6013388485061928
        ],
        [
          0.0,
          0.0,
          0.0,
          1.0
        ]
      ]
    },
    {
      "file_path": "./67.jpg",
      "sharpness": 1460.3583701536388,
      "transform_matrix": [
        [
          0.7165416810067171,
          0.3021295681635988,
          -0.6287175387078161,
          -2.653052431470592
        ],
        [
          -0.6970310474033399,
          0.27556043570430394,
          -0.6619774658024947,
          -2.6232686517055304
        ],
        [
          -0.02675328697567797,
          0.912570090661045,
          0.40804422716709765,
          1.6206018979653944
        ],
        [
          0.0,
          0.0,
          0.0,
          1.0
        ]
      ]
    },
    {
      "file_path": "./66.jpg",
      "sharpness": 1441.7472693205461,
      "transform_matrix": [
        [
          0.6664406972698008,
          0.34078441972448054,
          -0.663115959959538,
          -3.040508661119444
        ],
        [
          -0.7441818214378546,
          0.2500421996101299,
          -0.6194128793104005,
          -2.142644570346902
        ],
        [
          -0.04527928542079865,
          0.906280794092719,
          0.420243868043256,
          1.5981366982228473
        ],
        [
          0.0,
          0.0,
          0.0,
          1.0
        ]
      ]
    },
    {
      "file_path": "./61.jpg",
      "sharpness": 1381.7652411015524,
      "transform_matrix": [
        [
          0.4667696733072766,
          0.32235373860210864,
          -0.8235375761599043,
          -3.0945699491566296
        ],
        [
          -0.884162881251987,
          0.19067632285695948,
          -0.42649564982302984,
          -1.7651558237355547
        ],
        [
          0.01954664953871435,
          0.9272165912916892,
          0.37401513523216645,
          1.6047306842429727
        ],
        [
          0.0,
          0.0,
          0.0,
          1.0
        ]
      ]
    },
    {
      "file_path": "./65.jpg",
      "sharpness": 1460.2668537982786,
      "transform_matrix": [
        [
          0.7834317788695642,
          0.2436819555994162,
          -0.5717112491721529,
          -2.5276156975501585
        ],
        [
          -0.6211326636044703,
          0.3376674572298857,
          -0.7072304451390333,
          -3.0139334370124393
        ],
        [
          0.020708985846757233,
          0.9091753367169249,
          0.4158982388377834,
          1.6134117363786165
        ],
        [
          0.0,
          0.0,
          0.0,
          1.0
        ]
      ]
    },
    {
      "file_path": "./60.jpg",
      "sharpness": 1376.1497654334162,
      "transform_matrix": [
        [
          0.3889475934769882,
          0.3413550147876627,
          -0.8556848271795189,
          -3.2073498915639083
        ],
        [
          -0.9212574428773449,
          0.14625379866813115,
          -0.3604088654823486,
          -1.4404174738029936
        ],
        [
          0.002119782831356082,
          0.9284861766934769,
          0.371360911065478,
          1.6000948462169093
        ],
        [
          0.0,
          0.0,
          0.0,
          1.0
        ]
      ]
    },
    {
      "file_path": "./6.jpg",
      "sharpness": 1444.5822424886617,
      "transform_matrix": [
        [
          0.2903112630474986,
          -0.36383654401691645,
          0.8850662912138624,
          3.407978153302323
        ],
        [
          0.9567463838760863,
          0.0921288167372266,
          -0.27595042682820176,
          -0.8674316955466812
        ],
        [
          0.018860739473627097,
          0.9268954905604737,
          0.3748453309602131,
          1.5833576314443651
        ],
        [
          0.0,
          0.0,
          0.0,
          1.0
        ]
      ]
    },
    {
      "file_path": "./36.jpg",
      "sharpness": 1657.972251153785,
      "transform_matrix": [
        [
          -0.9755529622446453,
          0.05927766804189771,
          -0.21161894051497537,
          -0.9091612480561743
        ],
        [
          -0.21800729358668333,
          -0.3825607987083491,
          0.8978418876587764,
          3.524916139166624
        ],
        [
          -0.027735137534475873,
          0.9220267856261952,
          0.38613128439855154,
          1.5685381457012353
        ],
        [
          0.0,
          0.0,
          0.0,
          1.0
        ]
      ]
    },
    {
      "file_path": "./29.jpg",
      "sharpness": 1793.5056270137263,
      "transform_matrix": [
        [
          -0.9811089720166631,
          -0.045985932988785505,
          0.18791082739700402,
          0.6023840930082216
        ],
        [
          0.19099850157429646,
          -0.3845837357458662,
          0.9031140141732731,
          3.5570899410480554
        ],
        [
          0.030736907450431228,
          0.9219439485217962,
          0.3861017979263089,
          1.5511599580628386
        ],
        [
          0.0,
          0.0,
          0.0,
          1.0
        ]
      ]
    },
    {
      "file_path": "./35.jpg",
      "sharpness": 1699.2351852483105,
      "transform_matrix": [
        [
          -0.9929840458607913,
          0.018838368630119617,
          -0.11673817109565474,
          -0.5883489904661595
        ],
        [
          -0.11451322744025955,
          -0.3993662176057089,
          0.909611645141244,
          3.6447915619899485
        ],
        [
          -0.02948568235925947,
          0.91659791629208,
          0.3987215249297824,
          1.571623112178388
        ],
        [
          0.0,
          0.0,
          0.0,
          1.0
        ]
      ]
    },
    {
      "file_path": "./34.jpg",
      "sharpness": 1810.983244524119,
      "transform_matrix": [
        [
          -0.999647600228893,
          -0.017577392293858574,
          -0.019892478333079056,
          -0.24369894314025403
        ],
        [
          -0.011143279768866312,
          -0.40228609867927084,
          0.9154461874547517,
          3.7817672078433464
        ],
        [
          -0.024093624262485736,
          0.9153452518791935,
          0.4019484633502392,
          1.5864696828584646
        ],
        [
          0.0,
          0.0,
          0.0,
          1.0
        ]
      ]
    },
    {
      "file_path": "./28.jpg",
      "sharpness": 1801.3923959942808,
      "transform_matrix": [
        [
          -0.9563299278503086,
          -0.09057888652591228,
          0.2779002239492051,
          0.9198499893379535
        ],
        [
          0.29153601383036826,
          -0.3638159737861529,
          0.8846720804105711,
          3.4543161509289826
        ],
        [
          0.020971928607318113,
          0.9270563103629421,
          0.37433511147665915,
          1.539503387892064
        ],
        [
          0.0,
          0.0,
          0.0,
          1.0
        ]
      ]
    },
    {
      "file_path": "./30.jpg",
      "sharpness": 1785.0178586559432,
      "transform_matrix": [
        [
          -0.9961531776630557,
          -0.0045086182683266585,
          0.08751296504276196,
          0.2707164630391597
        ],
        [
          0.08203467744542797,
          -0.39909325530634737,
          0.9132332042065942,
          3.6606344775153423
        ],
        [
          0.030808414192698086,
          0.9168992561773892,
          0.397927877502678,
          1.542012724744689
        ],
        [
          0.0,
          0.0,
          0.0,
          1.0
        ]
      ]
    },
    {
      "file_path": "./33.jpg",
      "sharpness": 1773.3146269330048,
      "transform_matrix": [
        [
          -0.997406701849809,
          -0.06338932778714412,
          0.03408319652334782,
          0.36502417234632545
        ],
        [
          0.057276121074317,
          -0.4123450533047016,
          0.9092254962163449,
          3.718577948581396
        ],
        [
          -0.043581155524872295,
          0.9088197567095716,
          0.4149064144538823,
          1.5802569685440397
        ],
        [
          0.0,
          0.0,
          0.0,
          1.0
        ]
      ]
    },
    {
      "file_path": "./31.jpg",
      "sharpness": 1767.5451298224546,
      "transform_matrix": [
        [
          -0.9994833806513094,
          0.03131955685708493,
          -0.007215068785175582,
          -0.06505905177556415
        ],
        [
          -0.019428464762478684,
          -0.40993384662651,
          0.9119083156474678,
          3.791497984919578
        ],
        [
          0.025602863439587564,
          0.9115773838770242,
          0.41033055777643385,
          1.5411773322291613
        ],
        [
          0.0,
          0.0,
          0.0,
          1.0
        ]
      ]
    },
    {
      "file_path": "./3.jpg",
      "sharpness": 1576.7842853340983,
      "transform_matrix": [
        [
          0.52624531361184,
          -0.31630506002751024,
          0.789314246013613,
          3.0079260399010654
        ],
        [
          0.8497745689998869,
          0.2292523890109736,
          -0.47468571077488086,
          -1.7582835993116517
        ],
        [
          -0.030806684338166024,
          0.9205403039454748,
          0.3894309914087043,
          1.5721883333929438
        ],
        [
          0.0,
          0.0,
          0.0,
          1.0
        ]
      ]
    },
    {
      "file_path": "./27.jpg",
      "sharpness": 1859.0155624199333,
      "transform_matrix": [
        [
          -0.9291836186198565,
          -0.1361757689120569,
          0.34361892105527037,
          1.2178666886724414
        ],
        [
          0.3696141841245612,
          -0.3467977831724501,
          0.8620421407800462,
          3.3216038285157934
        ],
        [
          0.001777028722758589,
          0.9280018629284169,
          0.3725713148214863,
          1.5368928890877571
        ],
        [
          0.0,
          0.0,
          0.0,
          1.0
        ]
      ]
    },
    {
      "file_path": "./26.jpg",
      "sharpness": 1886.1393749706083,
      "transform_matrix": [
        [
          -0.8956896387936522,
          -0.18229247783261526,
          0.4055977361140116,
          1.5314664250504681
        ],
        [
          0.44430409228352735,
          -0.32938644997930505,
          0.8331257048910311,
          3.1793592620858355
        ],
        [
          -0.018274150672393075,
          0.9264307956599442,
          0.37602132429902224,
          1.539026561249085
        ],
        [
          0.0,
          0.0,
          0.0,
          1.0
        ]
      ]
    },
    {
      "file_path": "./24.jpg",
      "sharpness": 1972.4094770412567,
      "transform_matrix": [
        [
          -0.7909142372226626,
          -0.2680817427117695,
          0.550078947643503,
          2.1464605914119366
        ],
        [
          0.6111152090998455,
          -0.2997469620886868,
          0.7325912638883235,
          2.887858191332308
        ],
        [
          -0.03150984925351785,
          0.9155784717848019,
          0.4009029701333381,
          1.5485525680321226
        ],
        [
          0.0,
          0.0,
          0.0,
          1.0
        ]
      ]
    },
    {
      "file_path": "./23.jpg",
      "sharpness": 2019.1919753298337,
      "transform_matrix": [
        [
          -0.7184880936902645,
          -0.29917571602208703,
          0.6279082339207459,
          2.4448887839831404
        ],
        [
          0.6950219688293847,
          -0.27400611949540715,
          0.6647293504304067,
          2.757859265720719
        ],
        [
          -0.026820180800075866,
          0.9140101407944893,
          0.40480382963133366,
          1.5584980696518227
        ],
        [
          0.0,
          0.0,
          0.0,
          1.0
        ]
      ]
    },
    {
      "file_path": "./12.jpg",
      "sharpness": 929.3798801797362,
      "transform_matrix": [
        [
          -0.013825061831229285,
          -0.40444393133453815,
          0.9144582954566575,
          3.9805011680191615
        ],
        [
          0.9995320332995223,
          0.019367708123610054,
          0.02367712588547851,
          -0.011983674414113653
        ],
        [
          -0.027287031233444184,
          0.9143576971547608,
          0.40398690528012515,
          1.5655711958970435
        ],
        [
          0.0,
          0.0,
          0.0,
          1.0
        ]
      ]
    },
    {
      "file_path": "./11.jpg",
      "sharpness": 1899.4074339772815,
      "transform_matrix": [
        [
          0.05318160425714183,
          -0.4133487152097679,
          0.9090184578216988,
          3.9440688714987258
        ],
        [
          0.9975039555171764,
          0.06433327618144856,
          -0.029104781452266325,
          -0.6239456383304017
        ],
        [
          -0.04644971148132246,
          0.9082973462844535,
          0.41573832526413346,
          1.563165674291741
        ],
        [
          0.0,
          0.0,
          0.0,
          1.0
        ]
      ]
    },
    {
      "file_path": "./21.jpg",
      "sharpness": 1835.188166817328,
      "transform_matrix": [
        [
          -0.7852129514560412,
          -0.24400431986278637,
          0.5691243386215886,
          2.853602413208197
        ],
        [
          0.6189312005305669,
          -0.3376124224058534,
          0.7091840531533956,
          2.8271644865916254
        ],
        [
          0.019099474064935285,
          0.9091093136563606,
          0.41611953327284285,
          1.5601174593317906
        ],
        [
          0.0,
          0.0,
          0.0,
          1.0
        ]
      ]
    },
    {
      "file_path": "./10.jpg",
      "sharpness": 1777.0398449359989,
      "transform_matrix": [
        [
          -0.12114343961619639,
          -0.41511445510563455,
          0.9016674865258136,
          3.8870285308898236
        ],
        [
          0.992397186073693,
          -0.07053231637433262,
          0.10086137724581593,
          0.4210171808143747
        ],
        [
          0.021727680767487274,
          0.907030970566342,
          0.42050294455503046,
          1.5812947688858845
        ],
        [
          0.0,
          0.0,
          0.0,
          1.0
        ]
      ]
    },
    {
      "file_path": "./14.jpg",
      "sharpness": 1852.7682590837642,
      "transform_matrix": [
        [
          -0.2274795694863184,
          -0.3788067822598213,
          0.8970833112023369,
          3.7619361053370795
        ],
        [
          0.9734213504133591,
          -0.06335813252420627,
          0.22008321517669965,
          0.6299068299660119
        ],
        [
          -0.026531491254070026,
          0.9233044832634266,
          0.383151290243158,
          1.5714951309930707
        ],
        [
          0.0,
          0.0,
          0.0,
          1.0
        ]
      ]
    },
    {
      "file_path": "./17.jpg",
      "sharpness": 1894.8424044050796,
      "transform_matrix": [
        [
          -0.4673871754320057,
          -0.31893503328677997,
          0.8245178426459435,
          3.3902987944425087
        ],
        [
          0.8838326817615816,
          -0.1893827716352386,
          0.4277545516507355,
          1.5975111653806122
        ],
        [
          0.019723562133697387,
          0.9286628077002593,
          0.3704002844876527,
          1.5645342666118511
        ],
        [
          0.0,
          0.0,
          0.0,
          1.0
        ]
      ]
    },
    {
      "file_path": "./2.jpg",
      "sharpness": 1703.3892650218431,
      "transform_matrix": [
        [
          0.6103959139603512,
          -0.30207067580794733,
          0.7322363929052601,
          2.8807845287578258
        ],
        [
          0.7914587532139523,
          0.26967821144681725,
          -0.5485131759875032,
          -2.071062030080195
        ],
        [
          -0.031778455034850855,
          0.9143451039628661,
          0.40368695880872674,
          1.5769579341768032
        ],
        [
          0.0,
          0.0,
          0.0,
          1.0
        ]
      ]
    },
    {
      "file_path": "./18.jpg",
      "sharpness": 1910.2159742729182,
      "transform_matrix": [
        [
          -0.5506755476485995,
          -0.30726058794466604,
          0.7761104124899254,
          3.246711591674316
        ],
        [
          0.8342958878687777,
          -0.23221492001789806,
          0.5000266016987148,
          1.900060067017495
        ],
        [
          0.026585949735485392,
          0.9228581484017934,
          0.3842213232794096,
          1.563341604953985
        ],
        [
          0.0,
          0.0,
          0.0,
          1.0
        ]
      ]
    },
    {
      "file_path": "./15.jpg",
      "sharpness": 1901.2829643079788,
      "transform_matrix": [
        [
          -0.31885259469483085,
          -0.3624370484649312,
          0.8757696094372491,
          3.644450566421578
        ],
        [
          0.9476326288597752,
          -0.1043196253592744,
          0.30184402675098254,
          0.9212987467661455
        ],
        [
          -0.01803950059486399,
          0.9261516083892057,
          0.37671975625639786,
          1.5612904283396316
        ],
        [
          0.0,
          0.0,
          0.0,
          1.0
        ]
      ]
    },
    {
      "file_path": "./16.jpg",
      "sharpness": 1881.1148000716867,
      "transform_matrix": [
        [
          -0.3968576454373944,
          -0.34119737308346687,
          0.8521081867440881,
          3.52417146523463
        ],
        [
          0.9178791338747534,
          -0.1489169362783604,
          0.36786089991576293,
          1.2642720866338122
        ],
        [
          0.0013801678362601322,
          0.9281207350053011,
          0.37227677398337417,
          1.554228303855988
        ],
        [
          0.0,
          0.0,
          0.0,
          1.0
        ]
      ]
    },
    {
      "file_path": "./1.jpg",
      "sharpness": 1731.9256016951088,
      "transform_matrix": [
        [
          0.6952970508167269,
          -0.27677266046339744,
          0.6632939812805811,
          2.737121870009223
        ],
        [
          0.7181780153139928,
          0.30346460107430173,
          -0.6262025025616752,
          -2.402177827874722
        ],
        [
          -0.02797051080146462,
          0.9117599082909912,
          0.4097700821390129,
          1.5813115987908855
        ],
        [
          0.0,
          0.0,
          0.0,
          1.0
        ]
      ]
    },
    {
      "file_path": "./13.jpg",
      "sharpness": 1874.3495567003592,
      "transform_matrix": [
        [
          -0.11822584288828186,
          -0.39916714872770587,
          0.9092239754358756,
          3.894568096581189
        ],
        [
          0.9924809614034708,
          -0.018280164821494256,
          0.12102634765115083,
          0.32239030749413455
        ],
        [
          -0.03168897798221591,
          0.916695927234431,
          0.39832698342411355,
          1.5729157940549763
        ],
        [
          0.0,
          0.0,
          0.0,
          1.0
        ]
      ]
    },
    {
      "file_path": "./22.jpg",
      "sharpness": 2067.912124826209,
      "transform_matrix": [
        [
          -0.6710239696302706,
          -0.3371303365157657,
          0.6603559407167237,
          2.8484089342734022
        ],
        [
          0.7400134770268527,
          -0.24939084899384528,
          0.6246473070916041,
          2.2893410046232696
        ],
        [
          -0.045900828149986195,
          0.907825611388588,
          0.41682823001757807,
          1.548510012854842
        ],
        [
          0.0,
          0.0,
          0.0,
          1.0
        ]
      ]
    },
    {
      "file_path": "./19.jpg",
      "sharpness": 1846.6399291669645,
      "transform_matrix": [
        [
          -0.6413953429107122,
          -0.2876449777794947,
          0.7112470603862998,
          3.127192148681694
        ],
        [
